|0|
26 25 25 25 25 25 26 27 28 29 31 33 35 38 40 43 45 
23 22 22 22 22 22 23 24 25 27 29 31 33 36 38 41 43 
20 19 18 18 18 19 20 21 22 24 26 29 31 34 36 39 42 
17 16 15 15 15 16 17 18 20 22 24 27 29 32 35 38 41 
14 13 12 12 12 13 14 15 17 20 22 25 28 31 34 37 40 
11 10 9  9  9  10 11 13 15 18 21 24 27 30 33 36 39 
8  7  6  6  6  7  8  11 14 17 20 23 26 29 32 35 38 
7  4  3  3  3  4  7  10 13 16 19 22 25 28 31 34 38 
6  3  0  0  0  3  6  9  12 15 18 22 25 28 31 34 37 
7  4  3  3  3  4  7  10 13 16 19 22 25 28 31 34 38 
8  7  6  6  6  7  8  11 14 17 20 23 26 29 32 35 38 
11 10 9  9  9  10 11 13 15 18 21 24 27 30 33 36 39 
14 13 12 12 12 13 14 15 17 20 22 25 28 31 -1 37 40 
17 16 15 15 15 16 17 18 20 22 24 27 29 32 35 38 41 
20 19 18 18 18 19 20 21 22 24 26 29 31 34 36 39 42 
|0|
|1|
58 55 53 51 49 47 45 43 42 41 40 39 38 38 37 38 38 
56 53 51 49 47 44 43 41 39 38 37 36 35 34 34 34 35 
54 51 49 47 44 42 40 38 36 35 34 33 32 31 31 31 32 
52 50 47 44 42 40 38 36 34 32 31 30 29 28 28 28 29 
50 48 45 43 40 38 35 33 31 29 28 27 26 25 25 25 26 
49 46 43 41 38 36 33 31 29 27 25 24 23 22 22 22 23 
48 45 42 39 36 34 31 29 26 24 22 21 20 19 18 19 20 
47 44 41 38 35 32 29 27 24 22 20 18 17 16 15 16 17 
46 43 0  0  0  31 28 25 22 20 17 15 14 13 12 13 14 
45 42 39 36 33 30 27 24 21 18 15 13 11 10 9  10 11 
44 41 38 35 32 29 26 23 20 17 14 11 8  7  6  7  8 
44 41 38 34 31 28 25 22 19 16 13 10 7  4  3  4  7 
44 41 37 34 31 28 25 22 18 15 12 9  6  3 -1  3  6 
44 41 38 34 31 28 25 22 19 16 13 10 7  4  3  4  7 
44 41 38 35 32 29 26 23 20 17 14 11 8  7  6  7  8 
|1|
|2|
84 80 78 76 74 72 71 70 70 70 71 72 73 76 77 81 83 
79 75 73 71 69 66 66 65 64 65 66 67 68 70 72 75 78 
74 70 67 65 62 61 60 59 58 59 60 62 63 65 67 70 74 
69 66 62 59 57 56 55 54 54 54 55 57 58 60 63 66 70 
64 61 57 55 52 51 49 48 48 49 50 52 54 56 59 62 66 
60 56 52 50 47 46 44 44 44 45 46 48 50 52 55 58 62 
56 52 48 45 42 41 39 40 40 41 42 44 46 48 50 54 58 
54 48 44 41 38 36 36 37 37 38 39 40 42 44 46 50 55 
52 46 0  0  0  34 34 34 34 35 35 37 39 41 43 47 51 
52 46 42 39 36 34 34 34 34 34 34 35 36 38 40 44 49 
52 48 44 41 38 36 34 34 34 34 34 34 34 36 38 42 46 
55 51 47 43 40 38 36 35 34 34 34 34 34 34 36 40 46 
58 54 49 46 43 41 39 37 35 35 34 34 34 34 0  40 46 
61 57 53 49 46 44 42 40 39 38 37 37 36 36 38 42 48 
64 60 56 53 50 48 46 44 42 41 40 40 39 41 42 46 50 
|2|
|0|
26 25 25 25 25 25 26 27 28 29 31 33 35 38 40 43 45 
23 22 22 22 22 22 23 24 25 27 29 31 33 36 38 41 43 
20 19 18 18 18 19 20 21 22 24 26 29 31 34 36 39 42 
17 16 15 15 15 16 17 18 20 22 24 27 29 32 35 38 41 
14 13 12 12 12 13 14 15 17 20 22 25 28 31 34 37 40 
11 10 9  9  9  10 11 13 15 18 21 24 27 30 33 36 39 
8  7  6  6  6  7  8  11 14 17 20 23 26 29 32 35 38 
7  4  3  3  3  4  7  10 13 16 19 22 25 28 31 34 38 
6  3  0  0  0  3  6  9  12 15 18 22 25 28 31 34 37 
7  4  3  3  0  3  6  9  12 15 18 22 25 28 31 34 37 
8  7  6  4  3  4  7  10 13 16 19 22 25 28 31 34 38 
11 10 8  7  6  7  8  11 14 17 20 23 26 29 32 35 38 
14 13 11 10 9  10 11 13 15 18 21 24 27 30 -1 -1 39 
17 15 14 13 12 13 14 15 17 20 22 25 28 31 34 37 40 
20 18 17 16 15 16 17 18 20 22 24 27 29 32 35 38 41 
|0|
|1|
58 55 53 51 49 47 45 43 42 41 40 39 38 38 37 37 38 
56 53 51 49 47 44 43 41 39 38 37 36 35 34 34 34 34 
54 51 49 47 44 42 40 38 36 35 34 33 32 31 31 31 31 
52 50 47 44 42 40 38 36 34 32 31 30 29 28 28 28 28 
50 48 45 43 40 38 35 33 31 29 28 27 26 25 25 25 25 
49 46 43 41 38 36 33 31 29 27 25 24 23 22 22 22 22 
48 45 42 39 36 34 31 29 26 24 22 21 20 19 18 18 19 
47 44 41 38 35 32 29 27 24 22 20 18 17 16 15 15 16 
46 43 0  0  0  31 28 25 22 20 17 15 14 13 12 12 13 
45 42 39 36 0  30 27 24 21 18 15 13 11 10 9  9  10 
44 41 38 35 32 29 26 23 20 17 14 11 8  7  6  6  7 
44 41 38 34 31 28 25 22 19 16 13 10 7  4  3  3  4 
44 41 37 34 31 28 25 22 18 15 12 9  6  3 -1 -1  3 
44 41 38 34 31 28 25 22 19 16 13 10 7  4  3  3  4 
44 41 38 35 32 29 26 23 20 17 14 11 8  7  6  6  7 
|1|
|2|
84 80 78 76 74 72 71 70 70 70 71 72 73 76 77 80 83 
79 75 73 71 69 66 66 65 64 65 66 67 68 70 72 75 77 
74 70 67 65 62 61 60 59 58 59 60 62 63 65 67 70 73 
69 66 62 59 57 56 55 54 54 54 55 57 58 60 63 66 69 
64 61 57 55 52 51 49 48 48 49 50 52 54 56 59 62 65 
60 56 52 50 47 46 44 44 44 45 46 48 50 52 55 58 61 
56 52 48 45 42 41 39 40 40 41 42 44 46 48 50 53 57 
54 48 44 41 38 36 36 37 37 38 39 40 42 44 46 49 54 
52 46 0  0  0  34 34 34 34 35 35 37 39 41 43 46 50 
52 46 42 39 0  33 33 33 33 33 33 35 36 38 40 43 47 
52 48 44 39 35 33 33 33 33 33 33 33 33 35 37 40 45 
55 51 46 41 37 35 33 33 33 33 33 33 33 33 35 38 42 
58 54 48 44 40 38 36 35 33 33 33 33 33 33 0  0  42 
61 56 52 47 43 41 39 37 36 36 35 35 35 35 37 40 44 
64 59 55 51 47 45 43 41 40 39 38 38 37 39 41 44 48 
|2|
|0|
26 25 25 25 25 25 26 27 28 29 31 33 35 38 40 42 44 
23 22 22 22 22 22 23 24 25 27 29 31 33 35 38 40 43 
20 19 18 18 18 19 20 21 22 24 26 29 31 33 36 38 41 
17 16 15 15 15 16 17 18 20 22 24 26 29 31 34 36 39 
14 13 12 12 12 13 14 15 17 20 22 24 27 29 32 35 38 
11 10 9  9  9  10 11 13 15 17 20 22 25 28 31 34 37 
8  7  6  6  6  7  8  11 13 15 18 21 24 27 30 33 36 
7  4  3  3  3  4  7  8  11 14 17 20 23 26 29 32 35 
6  3  0  0  0  3  4  7  10 13 16 19 22 25 28 31 34 
7  4  3  3  0  0  3  6  9  12 15 18 22 25 28 31 34 
8  7  6  4  3  3  4  7  10 13 16 19 22 25 28 31 34 
11 10 8  7  6  6  7  8  11 14 17 20 23 26 29 32 35 
14 13 11 10 9  9  10 11 13 15 18 21 24 27 -1 -1 -1 
17 15 14 13 12 12 13 14 15 17 20 22 25 28 31 34 37 
20 18 17 16 15 15 16 17 18 20 22 24 27 29 32 35 38 
|0|
|1|
58 55 53 51 49 47 45 43 42 41 40 39 38 38 37 37 37 
56 53 51 49 47 44 43 41 39 38 37 36 35 34 34 34 34 
54 51 49 47 44 42 40 38 36 35 34 33 32 31 31 31 31 
52 50 47 44 42 40 38 36 34 32 31 30 29 28 28 28 28 
50 48 45 43 40 38 35 33 31 29 28 27 26 25 25 25 25 
49 46 43 41 38 36 33 31 29 27 25 24 23 22 22 22 22 
48 45 42 39 36 34 31 29 26 24 22 21 20 19 18 18 18 
47 44 41 38 35 32 29 27 24 22 20 18 17 16 15 15 15 
46 43 0  0  0  31 28 25 22 20 17 15 14 13 12 12 12 
45 42 39 36 0  0  27 24 21 18 15 13 11 10 9  9  9 
44 41 38 35 32 29 26 23 20 17 14 11 8  7  6  6  6 
44 41 38 34 31 28 25 22 19 16 13 10 7  4  3  3  3 
44 41 37 34 31 28 25 22 18 15 12 9  6  3 -1 -1 -1 
44 41 38 34 31 28 25 22 19 16 13 10 7  4  3  3  3 
44 41 38 35 32 29 26 23 20 17 14 11 8  7  6  6  6 
|1|
|2|
84 80 78 76 74 72 71 70 70 70 71 72 73 76 77 79 81 
79 75 73 71 69 66 66 65 64 65 66 67 68 69 72 74 77 
74 70 67 65 62 61 60 59 58 59 60 62 63 64 67 69 72 
69 66 62 59 57 56 55 54 54 54 55 56 58 59 62 64 67 
64 61 57 55 52 51 49 48 48 49 50 51 53 54 57 60 63 
60 56 52 50 47 46 44 44 44 44 45 46 48 50 53 56 59 
56 52 48 45 42 41 39 40 39 39 40 42 44 46 48 51 54 
54 48 44 41 38 36 36 35 35 36 37 38 40 42 44 47 50 
52 46 0  0  0  34 32 32 32 33 33 34 36 38 40 43 46 
52 46 42 39 0  0  30 30 30 30 30 31 33 35 37 40 43 
52 48 44 39 35 32 30 30 30 30 30 30 30 32 34 37 40 
55 51 46 41 37 34 32 30 30 30 30 30 30 30 32 35 38 
58 54 48 44 40 37 35 33 31 30 30 30 30 30 0  0  0 
61 56 52 47 43 40 38 36 34 33 33 32 32 32 34 37 40 
64 59 55 51 47 44 42 40 38 37 36 35 35 36 38 41 44 
|2|
